2023-09-29 17:00:43.757 [info] 로그 수준: Info
2023-09-29 17:00:43.757 [info] "git"에서 찾은 git 유효성을 검사하는 중
2023-09-29 17:00:43.757 [info] "2.17.1"에서 git "git"을(를) 사용하는 중
2023-09-29 17:00:43.757 [info] > git rev-parse --show-toplevel [4ms]
2023-09-29 17:00:43.757 [info] > git rev-parse --git-dir --git-common-dir [0ms]
2023-09-29 17:00:43.757 [info] Open repository: /home/aa
2023-09-29 17:00:43.757 [info] > git rev-parse --show-toplevel [5ms]
2023-09-29 17:00:43.757 [info] > git rev-parse --show-toplevel [12ms]
2023-09-29 17:00:43.757 [info] > git config --get commit.template [19ms]
2023-09-29 17:00:43.757 [info] > git rev-parse --show-toplevel [11ms]
2023-09-29 17:00:43.757 [info] > git rev-parse --show-toplevel [7ms]
2023-09-29 17:00:43.757 [info] > git rev-parse --show-toplevel [2ms]
2023-09-29 17:00:43.757 [info] > git for-each-ref --format=%(refname)%00%(upstream:short)%00%(objectname)%00%(upstream:track)%00%(upstream:remotename)%00%(upstream:remoteref) refs/heads/master refs/remotes/master [11ms]
2023-09-29 17:00:43.757 [info] > git rev-parse --show-toplevel [6ms]
2023-09-29 17:00:43.757 [info] > git rev-parse --git-dir --git-common-dir [2ms]
2023-09-29 17:00:43.757 [info] Open repository: /home/aa/.oh-my-zsh
2023-09-29 17:00:43.795 [info] > git config --get commit.template [33ms]
2023-09-29 17:00:43.795 [info] > git rev-parse --show-toplevel [39ms]
2023-09-29 17:00:43.808 [info] > git rev-parse --git-dir --git-common-dir [10ms]
2023-09-29 17:00:43.811 [info] Open repository: /home/aa/.pyenv
2023-09-29 17:00:43.824 [info] > git rev-parse --show-toplevel [8ms]
2023-09-29 17:00:43.827 [info] > git for-each-ref --format=%(refname)%00%(upstream:short)%00%(objectname)%00%(upstream:track)%00%(upstream:remotename)%00%(upstream:remoteref) refs/heads/master refs/remotes/master [20ms]
2023-09-29 17:00:43.831 [info] > git rev-parse --show-toplevel [4ms]
2023-09-29 17:00:43.835 [info] > git config --get commit.template [14ms]
2023-09-29 17:00:43.835 [info] > git status -z -uall [5ms]
2023-09-29 17:00:43.835 [info] > git rev-parse --show-toplevel [1ms]
2023-09-29 17:00:43.850 [info] > git rev-parse --show-toplevel [12ms]
2023-09-29 17:00:43.854 [info] > git rev-parse --show-toplevel [1ms]
2023-09-29 17:00:43.857 [info] > git config --get commit.template [8ms]
2023-09-29 17:00:43.857 [info] > git for-each-ref --format=%(refname)%00%(upstream:short)%00%(objectname)%00%(upstream:track)%00%(upstream:remotename)%00%(upstream:remoteref) refs/heads/master refs/remotes/master [12ms]
2023-09-29 17:00:43.861 [info] > git rev-parse --git-dir --git-common-dir [5ms]
2023-09-29 17:00:43.863 [info] Open repository: /home/aa/MathTool
2023-09-29 17:00:43.875 [info] > git rev-parse --show-toplevel [7ms]
2023-09-29 17:00:43.886 [info] > git rev-parse --git-dir --git-common-dir [8ms]
2023-09-29 17:00:43.888 [info] Open repository: /home/aa/Yacht_Console
2023-09-29 17:00:43.892 [info] > git config --get commit.template [18ms]
2023-09-29 17:00:43.892 [info] > git for-each-ref --format=%(refname)%00%(upstream:short)%00%(objectname)%00%(upstream:track)%00%(upstream:remotename)%00%(upstream:remoteref) refs/heads/master refs/remotes/master [21ms]
2023-09-29 17:00:43.913 [info] > git status -z -uall [16ms]
2023-09-29 17:00:43.914 [info] > git rev-parse --show-toplevel [21ms]
2023-09-29 17:00:43.927 [info] > git rev-parse --git-dir --git-common-dir [10ms]
2023-09-29 17:00:43.933 [info] Open repository: /home/aa/autojump
2023-09-29 17:00:43.939 [info] > git config --get commit.template [28ms]
2023-09-29 17:00:43.945 [info] > git rev-parse --show-toplevel [7ms]
2023-09-29 17:00:43.949 [info] > git for-each-ref --format=%(refname)%00%(upstream:short)%00%(objectname)%00%(upstream:track)%00%(upstream:remotename)%00%(upstream:remoteref) refs/heads/premium refs/remotes/premium [28ms]
2023-09-29 17:00:43.956 [info] > git status -z -uall [5ms]
2023-09-29 17:00:43.956 [info] > git rev-parse --show-toplevel [8ms]
2023-09-29 17:00:43.960 [info] > git config --get commit.template [16ms]
2023-09-29 17:00:43.972 [info] > git status -z -uall [231ms] (cancelled)
2023-09-29 17:00:43.972 [info] > git rev-parse --show-toplevel [12ms]
2023-09-29 17:00:43.977 [info] > git for-each-ref --format=%(refname)%00%(upstream:short)%00%(objectname)%00%(upstream:track)%00%(upstream:remotename)%00%(upstream:remoteref) refs/heads/main refs/remotes/main [22ms]
2023-09-29 17:00:44.002 [info] > git status -z -uall [21ms]
2023-09-29 17:00:44.005 [info] > git rev-parse --show-toplevel [28ms]
2023-09-29 17:00:44.015 [info] > git rev-parse --show-toplevel [7ms]
2023-09-29 17:00:44.021 [info] > git for-each-ref --format=%(refname)%00%(upstream:short)%00%(objectname)%00%(upstream:track)%00%(upstream:remotename)%00%(upstream:remoteref) refs/heads/master refs/remotes/master [21ms]
2023-09-29 17:00:44.027 [info] > git rev-parse --show-toplevel [7ms]
2023-09-29 17:00:44.033 [info] > git status -z -uall [173ms]
2023-09-29 17:00:44.042 [info] > git rev-parse --show-toplevel [10ms]
2023-09-29 17:00:44.054 [info] > git status -z -uall [29ms]
2023-09-29 17:00:44.055 [info] > git rev-parse --show-toplevel [6ms]
2023-09-29 17:00:44.073 [info] > git rev-parse --git-dir --git-common-dir [15ms]
2023-09-29 17:00:44.076 [info] Open repository: /home/aa/zsh-syntax-highlighting
2023-09-29 17:00:44.083 [info] > git config --get commit.template [30ms]
2023-09-29 17:00:44.088 [info] > git rev-parse --show-toplevel [6ms]
2023-09-29 17:00:44.096 [info] > git config --get commit.template [9ms]
2023-09-29 17:00:44.097 [info] > git for-each-ref --format=%(refname)%00%(upstream:short)%00%(objectname)%00%(upstream:track)%00%(upstream:remotename)%00%(upstream:remoteref) refs/heads/master refs/remotes/master [3ms]
2023-09-29 17:00:44.108 [info] > git for-each-ref --format=%(refname)%00%(upstream:short)%00%(objectname)%00%(upstream:track)%00%(upstream:remotename)%00%(upstream:remoteref) refs/heads/master refs/remotes/master [3ms]
2023-09-29 17:00:44.123 [info] > git status -z -uall [22ms]
2023-09-29 17:00:44.181 [info] > git status -z -uall [69ms]
2023-09-29 17:00:44.222 [info] > git check-ignore -v -z --stdin [1ms]
2023-09-29 17:00:44.418 [info] > git show --textconv :.zshrc [7ms]
2023-09-29 17:00:44.418 [info] > git ls-files --stage -- /home/aa/.zshrc [1ms]
